marker_10_y: -0.3042238
marker_10_z: -0.03074432
find_marker_10: true
marker_10_x: -0.3161525
marker_25_y: 0
marker_25_z: 0
marker_25_x: 0
find_marker_15: false
marker_15_x: 0
marker_15_y: 0
marker_15_z: 0
find_marker_25: false
find_marker_45: false
marker_45_x: 0
marker_45_y: 0
marker_45_z: 0
